ThreadID, cIDX, Time, cycles, deltaT, RX, OnRX, TX, SupTX, OnTX, Idle, OnIdle, Blocked, CacheMiss, CacheHit, CacheWB, CPUIdle, RX/s, TX/s, Sup/s
11144, 0, 0, 0, 0, 0, 0, 0, 0, 0, 0, 0, 0, 0, 0, 0, 0, 0, 0, 0
11144, 0, 1.000040, 210008370, 1.000040, 27163, 27163, 27160, 0, 6790, 0, 0, 0, 656512, 182073705, 273530, 31782139, 27161.917404, 27158.917523, 0.000000
11144, 1, 2.000142, 210021491, 1.000102, 27133, 27133, 27133, 0, 6784, 0, 0, 1, 548309, 182149551, 220929, 31681663, 27130.223545, 27130.223545, 0.000000
11144, 2, 3.000155, 210002633, 1.000013, 27132, 27132, 27137, 0, 6784, 0, 0, 11, 527045, 182089994, 209237, 31829491, 27131.659821, 27136.659758, 0.000000
11144, 3, 4.000158, 210000748, 1.000004, 27182, 27182, 27174, 0, 6793, 0, 0, 11, 517690, 182066658, 205394, 31827804, 27181.903181, 27173.903209, 0.000000
11144, 4, 5.000164, 210001271, 1.000006, 27146, 27146, 27155, 0, 6789, 0, 0, 11, 509799, 181918647, 200846, 32134538, 27145.835703, 27154.835649, 0.000000
11144, 5, 6.000204, 210008248, 1.000039, 27033, 27033, 27029, 0, 6757, 0, 0, 5, 505266, 181712880, 198354, 32572070, 27031.938288, 27027.938446, 0.000000
11144, 6, 7.000211, 210001451, 1.000007, 27076, 27076, 27084, 0, 6771, 0, 0, 3, 507552, 181754703, 201044, 32451243, 27075.812919, 27083.812864, 0.000000
11144, 7, 8.000240, 210006222, 1.000030, 27161, 27161, 27144, 0, 6786, 0, 0, 0, 510100, 181977924, 201559, 32052167, 27160.195282, 27143.195786, 0.000000
