ThreadID, cIDX, Time, cycles, deltaT, RX, OnRX, TX, SupTX, OnTX, Idle, OnIdle, Blocked, CacheMiss, CacheHit, CacheWB, CPUIdle, RX/s, TX/s, Sup/s
10308, 0, 0, 0, 0, 0, 0, 0, 0, 0, 0, 0, 0, 0, 0, 0, 0, 0, 0, 0
10308, 0, 1.000038, 210008044, 1.000038, 31591, 31591, 31573, 0, 7894, 0, 0, 1, 663921, 182131256, 274306, 29078068, 31589.789961, 31571.790650, 0.000000
10308, 1, 2.000896, 210180194, 1.000858, 31675, 31675, 31693, 0, 7923, 0, 0, 12, 572667, 182144462, 230412, 29232751, 31647.844040, 31665.828608, 0.000000
10308, 2, 3.000903, 210001337, 1.000006, 31673, 31673, 31666, 0, 7916, 0, 0, 11, 558195, 182043936, 224238, 29163811, 31672.798350, 31665.798394, 0.000000
10308, 3, 4.001215, 210065483, 1.000312, 31704, 31704, 31696, 0, 7924, 0, 0, 0, 539217, 182053164, 214891, 29384171, 31694.117020, 31686.119514, 0.000000
10308, 4, 5.001541, 210068553, 1.000326, 31653, 31653, 31648, 0, 7912, 0, 0, 2, 534435, 182049996, 213275, 29491659, 31642.670476, 31637.672108, 0.000000
10308, 5, 6.001553, 210002473, 1.000012, 31583, 31583, 31589, 0, 7898, 0, 0, 4, 528584, 181718521, 212135, 29892726, 31582.628077, 31588.628006, 0.000000
10308, 6, 7.001554, 210000155, 1.000001, 31713, 31713, 31739, 0, 7934, 0, 0, 0, 520724, 181737616, 207487, 29857904, 31712.976593, 31738.976574, 0.000000
10308, 7, 8.001969, 210087338, 1.000416, 31664, 31664, 31636, 0, 7909, 0, 0, 0, 517154, 181928918, 205421, 29729250, 31650.836568, 31622.848208, 0.000000
