ThreadID, cIDX, Time, cycles, deltaT, RX, OnRX, TX, SupTX, OnTX, Idle, OnIdle, Blocked, CacheMiss, CacheHit, CacheWB, CPUIdle, RX/s, TX/s, Sup/s
11201, 0, 0, 0, 0, 0, 0, 0, 0, 0, 0, 0, 0, 0, 0, 0, 0, 0, 0, 0
11201, 0, 1.000040, 210008374, 1.000040, 31697, 31697, 31692, 0, 7923, 0, 0, 0, 651726, 182079095, 271849, 29182397, 31695.736095, 31690.736294, 0.000000
11201, 1, 2.000091, 210010806, 1.000051, 31726, 31726, 31720, 0, 7930, 0, 0, 5, 549333, 182168641, 222206, 29058928, 31724.367555, 31718.367863, 0.000000
11201, 2, 3.000400, 210064813, 1.000309, 31679, 31679, 31700, 0, 7925, 0, 0, 10, 529050, 182112339, 212319, 29271749, 31669.225821, 31690.219342, 0.000000
11201, 3, 4.000427, 210005695, 1.000027, 31576, 31576, 31555, 0, 7889, 0, 0, 10, 528101, 182077817, 211651, 29326375, 31575.143712, 31554.144282, 0.000000
11201, 4, 5.000849, 210088524, 1.000422, 31627, 31627, 31622, 0, 7906, 0, 0, 13, 521003, 181977057, 207137, 29554621, 31613.673482, 31608.675589, 0.000000
11201, 5, 6.000939, 210018896, 1.000090, 31663, 31663, 31691, 0, 7922, 0, 0, 0, 517765, 181703459, 207516, 29993681, 31660.151189, 31688.148670, 0.000000
11201, 6, 7.001041, 210021471, 1.000102, 31563, 31563, 31536, 0, 7884, 0, 0, 0, 513930, 181811414, 205889, 29794799, 31559.773239, 31532.775999, 0.000000
11201, 7, 8.001042, 210000254, 1.000001, 31588, 31588, 31604, 0, 7901, 0, 0, 0, 511760, 181993553, 203940, 29204062, 31587.961794, 31603.961774, 0.000000
